100
-
7
0.22834928333759308 1.1375094652175903 6.986113548278809 0.0035493534872297868 -0.0031444910192189785 0.002986620026720105 
0.04084281623363495 0.1615295559167862 3.7084975242614746 -0.0024547012118622184 -0.003043151039117236 0.005822553464830253 
0.5316139459609985 0.3783789873123169 4.855777263641357 0.0005372870239125229 -0.008859581859222499 -0.001966876938249315 
6.540633678436279 6.966038227081299 5.5286431312561035 -0.005111739502948683 -0.0034375970571945895 -0.010334466980152765 
6.218071937561035 2.029573917388916 6.4533305168151855 0.0028473102421584383 -0.0021942928285288528 0.0006953495133046143 
6.050055503845215 1.3826707601547241 0.6087700128555298 -0.009491862096381193 -0.00396666890950624 -0.0028699319679036817 
0.4325869381427765 1.4551867246627808 3.883042573928833 -0.005168314620841273 0.017775233524156338 0.0009382449416299564 
6.894834041595459 2.2155582904815674 4.861813068389893 -0.013086656378454471 -0.005957342649371437 0.004428048547950406 
6.857611179351807 1.222901463508606 5.717933177947998 -0.016573903974741917 -4.0564504877997306e-05 0.0007162834931015288 
6.692257404327393 3.406407117843628 6.848179340362549 0.0030806333403082344 0.0034092841619953397 4.084230405680938e-05 
6.596679210662842 3.9194092750549316 3.1728005409240723 0.0019432625292386907 -0.008558831026548317 -0.0008351533100402811 
0.9304727911949158 2.986370801925659 4.849626541137695 0.013188525564566688 0.000689688075642412 -0.0007558082714484663 
0.8176108598709106 3.9524002075195312 3.8897042274475098 0.007778100119792337 -0.007794910535402122 0.005014295144099816 
6.926863193511963 4.979172706604004 3.894620895385742 0.004749990924880883 -0.0011504017944337567 -0.0007580427933028462 
0.5737094283103943 4.981441974639893 5.0488057136535645 0.008066468328672097 0.009331850048460266 -0.004570084999420711 
0.10403577983379364 6.585317611694336 6.706629753112793 0.0012724818180201312 0.010191742101627333 -0.011612221000852296 
1.2666163444519043 5.179103374481201 3.8254141807556152 0.01628087910258952 0.0011417328129952828 -0.0038781865644702063 
0.9816775918006897 6.355397701263428 4.184558391571045 -0.001615260946033595 -0.01128530232656067 -0.006199783577485129 
6.520218849182129 5.753334045410156 5.882896900177002 0.011055687357617385 -0.013077719576245431 -0.00014778295487839982 
2.8398423194885254 0.4984091818332672 4.569177627563477 0.005799955304124207 0.01134895431774123 -0.007786991837355018 
1.5141938924789429 0.5865347981452942 4.000773906707764 -0.005719648636976567 -0.0016929174500189546 0.0069005861736941695 
0.9021204710006714 0.4470449388027191 6.077705383300781 0.0021174429561646407 -0.0013016962387038691 -0.0009924362778791032 
0.45077231526374817 2.411241054534912 6.10944128036499 0.0010599901224296574 0.006503092746510318 0.00521177293561174 
0.09412283450365067 2.815673351287842 3.7259738445281982 -0.003687262842221922 -4.708191278012349e-05 -0.00364118136710208 
1.0563727617263794 1.5410720109939575 5.129337787628174 -0.00941870801628276 0.0038950480633742584 0.0044953136170123266 
0.68827223777771 3.849510431289673 5.823450088500977 -5.40925166238791e-05 -0.011217556170754152 0.004602318540261628 
6.9694085121154785 2.3280673027038574 0.5669668912887573 -0.01403720998242391 0.000102993766694221 -0.00546787590695461 
2.5829505920410156 4.989683151245117 4.088691234588623 -0.0019124413699824513 -0.0011484891500443308 0.0002838365515735648 
1.723918080329895 4.247098445892334 4.854756832122803 -0.009895871113166737 -0.0003329265238070775 0.0012355581778314686 
2.2732129096984863 6.364194869995117 3.8579509258270264 -0.004010917092827991 -0.0012016880874356503 0.00923449434481161 
1.8292092084884644 5.665548324584961 4.954476833343506 -0.00044934714551290875 -0.0021638936020567322 0.010175160761061407 
1.696515440940857 4.929590225219727 6.002755641937256 -0.0060385810123449535 0.0013099369601246827 0.0011547506723657678 
0.5075498223304749 5.180292129516602 6.438265323638916 -0.009224426322192406 -0.00020915033270657097 -0.003738267193652188 
1.4649204015731812 6.230013847351074 6.460676670074463 0.011954537416936336 -0.0020803153225411428 -0.0005044838032960306 
3.616029977798462 6.950427532196045 3.6505441665649414 0.010884306164473629 0.0059446138120343136 -0.004642921383096916 
3.235273838043213 6.180485248565674 4.701071262359619 -0.002166305035879172 0.0018061368043843374 -0.013321793790290089 
1.8026736974716187 6.947652339935303 5.1897172927856445 0.0029284787659031044 -0.005128716806181481 -0.00670480380392719 
0.6798476576805115 6.202081203460693 5.468670845031738 -0.009891423226863389 -0.0060815679820345634 -0.00042434103766072324 
5.260867118835449 0.30435678362846375 0.6786848306655884 -0.0020716756254806163 -0.016230146809055466 0.0032735133660891447 
4.925630569458008 0.33684253692626953 2.1649434566497803 -0.014909299064334929 -0.0025788846279044464 0.004739743833814571 
4.834415912628174 0.33161789178848267 3.4687976837158203 -0.007449225172097689 0.013991254080212612 0.008141563751633682 
4.476893424987793 0.210195392370224 4.803804874420166 -0.013014545801110078 -0.0024164208667665768 0.0020904340708689526 
3.524517774581909 0.17930497229099274 5.669379711151123 0.005665448414657829 -0.009518839083821388 -0.0014520995534715061 
4.946863174438477 1.538523554801941 1.3220070600509644 0.0013991653368940473 -0.011316756366386531 -0.002926100316858928 
3.9096972942352295 1.27254056930542 4.074875831604004 0.006063433288927496 0.003539061027346657 0.0033243900406257974 
4.397617816925049 1.4138725996017456 5.42276668548584 -0.0028991967287844487 0.006073236734234798 -0.00908267244428378 
5.555081367492676 2.6457362174987793 0.4403216242790222 0.00142433639081819 0.006862045623927979 -0.003838445298564145 
4.885354518890381 2.729746103286743 2.1169729232788086 -0.007187214098149722 -0.0003465900224945125 0.008958023095051223 
3.630861282348633 4.220422744750977 3.417100667953491 0.005114465443572877 0.0008525798981493988 0.010365224822546992 
3.2231202125549316 3.8329851627349854 4.704752445220947 -0.007130394035643463 0.012114757606767468 -0.0021360418062423728 
4.237640857696533 4.316847324371338 5.619744777679443 0.0010984109472150995 -0.01010015714688289 0.0003133188734325196 
3.521008014678955 5.660538196563721 3.386002540588379 -0.0029354343914980256 -0.00739592534327604 0.009016617811057188 
3.8255796432495117 5.019349098205566 4.495972156524658 -0.0078073143276265675 0.012051075948732474 0.0003783197699031563 
2.9384477138519287 4.958787441253662 5.427793979644775 0.0009964208165623425 -0.0036895432270546273 -0.00622283258207905 
4.177440166473389 5.872652530670166 5.568687438964844 0.0028296270800858454 0.003474174699334427 -0.0022332170163437016 
5.879639148712158 6.4667816162109375 1.733528971672058 0.003779815072853125 -0.00033546181015826974 0.010319318315706628 
4.745965480804443 6.130206108093262 2.8652725219726562 0.015618973902788581 -0.004263045419508955 -0.0003142337958552709 
4.539396286010742 6.1279473304748535 4.202311992645264 -0.0028686769632746624 0.003577161363271815 -0.0003317143326936865 
2.6795871257781982 6.157947540283203 5.899301052093506 0.0027754408756338724 -0.005069394234435854 0.006973580243833821 
6.625443458557129 0.17411676049232483 0.8290624618530273 -0.001270842935547957 -0.010783288651320503 0.0055430434622081295 
6.043039321899414 0.9016454815864563 1.8581105470657349 0.016805775605329854 0.0022121939976977242 0.0072813751203169635 
6.047239780426025 0.8015097379684448 3.2658910751342773 0.0024031591794389825 -0.00045072410493191684 0.014579025593737902 
5.166314601898193 1.2778127193450928 4.273088455200195 -0.0077854214910340735 0.0008201111550081004 0.0031494273468200694 
5.068580150604248 1.3947737216949463 6.628737449645996 -0.003979414144629314 -0.005153968613263888 -0.0038785242434499724 
5.220780372619629 1.5827566385269165 2.741802930831909 0.00542613276836115 0.014441327468154136 -0.015116937717231979 
4.830565929412842 2.4921789169311523 3.6246142387390137 -0.0036931879201301736 -0.0009974223658604326 -0.00487959184233755 
5.113744258880615 2.7396862506866455 6.120860576629639 0.005203228702755861 -0.0026062188360532284 -0.006382500113742117 
5.101301193237305 3.7487266063690186 3.0768182277679443 0.001976243402829557 -0.002281603376485127 0.0061767643792855565 
4.566605567932129 3.856285572052002 4.316772937774658 0.0013764334499242453 0.012052185397726081 0.0011143279647721851 
5.464799404144287 3.9121127128601074 5.283992290496826 -0.009309698460192813 -0.002545428020504566 -0.00044597682738116906 
5.457412242889404 3.915504217147827 6.629843711853027 0.004672474828370327 0.008210975659975561 -0.0028030361790017874 
4.731195449829102 4.977704048156738 3.5015861988067627 0.001962782334381144 0.0008147489277880893 0.00015476129408765636 
5.001895427703857 5.073235511779785 4.829919815063477 -0.008019133152330502 -0.003768227195741035 9.523887505069888e-05 
5.327415466308594 5.147066593170166 6.069896697998047 0.0003090698072521475 -0.0035701231549724417 -0.01316553029689893 
5.94858980178833 6.571223258972168 3.0462589263916016 0.0068113558262212805 -0.001735960968714937 -0.0040560017215519415 
5.7340803146362305 5.717126846313477 3.9696402549743652 0.0014180274373993432 -0.004752828692074017 -0.01506372064306748 
5.439874649047852 6.255782127380371 5.301462173461914 -8.847235666925899e-05 0.009235477848674333 0.009832457163257029 
4.7660017013549805 0.041126251220703125 6.218495845794678 0.0014049612857502736 0.0003107041477381839 -0.004650951756619597 
6.102611064910889 0.5589726567268372 6.593587398529053 0.009966744208492804 0.007815104290299255 -0.001995289577118935 
6.815863132476807 1.6831464767456055 2.693514347076416 -0.002024333800919791 -0.004661693470252027 -0.013745544678945329 
5.74221134185791 6.973366737365723 4.308337211608887 0.0037039251754575953 -0.0041311302815697296 0.003144098258823441 
6.435179710388184 0.978339433670044 4.563506603240967 -0.002139941220097961 -0.0032144598151634496 0.007008343756644538 
5.989410400390625 2.7817835807800293 2.8927783966064453 0.0049240104546817934 0.0024815779904278474 0.014293383298069125 
6.113382816314697 1.950279712677002 3.8244969844818115 -0.006464014534144886 -0.014954368058945768 0.0009573683388980738 
4.619487285614014 2.6845510005950928 4.905068397521973 0.000318006215097263 0.013752322403423072 -0.008516634275628633 
5.702157974243164 1.9783239364624023 5.21763277053833 0.003614973711146172 0.008711074778202486 0.0076944904244027916 
6.093606948852539 2.235445022583008 1.6696232557296753 0.006277656718412641 0.006303827720335756 -0.000793680070696778 
5.825122356414795 3.076287269592285 4.3256096839904785 -0.00029604358039918294 -0.002821687364909696 0.005900915068145338 
6.82342529296875 3.847198247909546 4.713512420654297 0.00493877716502106 0.0061086089318795975 0.0004879195024299752 
6.358080863952637 3.0724501609802246 5.641563415527344 0.00922199890484785 -0.005473408840765421 0.00045247172318976586 
6.285904407501221 5.085146427154541 0.06492900848388672 0.0004913387993333877 0.006721544721713653 -0.002316009347513173 
5.946908473968506 5.146463394165039 2.837692975997925 -0.0024445330748753577 0.0010138195192611764 0.001557957589967037 
5.757328033447266 4.345757007598877 4.026834011077881 0.0009912843814903665 0.015088161007728208 0.007284879838778476 
6.23395299911499 5.037329196929932 4.955914497375488 -0.002282375830922974 -0.0051671456521334615 -0.0030047805801813486 
6.524041175842285 4.381535053253174 5.956220626831055 -0.010171997303466438 -0.006642434733681118 0.005689015094843276 
5.739612102508545 6.318604469299316 6.763467311859131 0.00811769230178839 0.0024912347369482083 -0.006903617955938708 
6.982125282287598 0.1828765869140625 2.3807570934295654 0.0013495750315111461 5.331337434570329e-05 0.004846236399167076 
0.12717533111572266 5.978377819061279 3.1413302421569824 -0.0014621981681785538 3.466293992507205e-05 -0.008988832238937882 
6.765981197357178 6.159276485443115 4.545933246612549 0.003211041094432104 -0.0015126831370910066 0.00657017506993098 
5.526283264160156 0.7236123085021973 5.444991111755371 -0.0030436397026525246 0.010944193802501893 -0.009245799795253116 
