100
-
2
0.033751264214515686 0.3431920111179352 0.3967953026294708 0.0035493534872297868 -0.0031444910192189785 0.002986620026720105 
0.11678018420934677 0.023022202774882317 0.8282591104507446 -0.0024547012118622184 -0.003043151039117236 0.005822553464830253 
0.31104785203933716 0.23986130952835083 1.241111397743225 0.0005372870239125229 -0.008859581859222499 -0.001966876938249315 
0.15997250378131866 0.09528965502977371 0.01199650764465332 -0.005111739502948683 -0.0034375970571945895 -0.010334466980152765 
0.254043847322464 0.7271326780319214 0.5121961832046509 0.0028473102421584383 -0.0021942928285288528 0.0006953495133046143 
0.4258328378200531 0.3522154688835144 0.6916812062263489 -0.009491862096381193 -0.00396666890950624 -0.0028699319679036817 
0.0404222272336483 0.46399131417274475 0.9388411641120911 -0.005168314620841273 0.017775233524156338 0.0009382449416299564 
0.3073848783969879 0.6839597225189209 1.397084355354309 -0.013086656378454471 -0.005957342649371437 0.004428048547950406 
0.26458078622817993 0.6312946677207947 0.0006785392761230469 -0.016573903974741917 -4.0564504877997306e-05 0.0007162834931015288 
0.16620968282222748 1.0950785875320435 0.08507966995239258 0.0030806333403082344 0.0034092841619953397 4.084230405680938e-05 
0.012241034768521786 1.0917795896530151 0.6396269798278809 0.0019432625292386907 -0.008558831026548317 -0.0008351533100402811 
0.43153661489486694 0.9729130864143372 1.707292914390564 0.013188525564566688 0.000689688075642412 -0.0007558082714484663 
0.3378206193447113 1.3374886512756348 0.42642274498939514 0.007778100119792337 -0.007794910535402122 0.005014295144099816 
1.963220238685608 1.3464559316635132 1.0861552953720093 0.004749990924880883 -0.0011504017944337567 -0.0007580427933028462 
0.3865552842617035 1.3925083875656128 1.4026377201080322 0.008066468328672097 0.009331850048460266 -0.004570084999420711 
0.3107006847858429 1.650469183921814 0.10819902271032333 0.0012724818180201312 0.010191742101627333 -0.011612221000852296 
0.07160204648971558 1.5863598585128784 0.6982907056808472 0.01628087910258952 0.0011417328129952828 -0.0038781865644702063 
0.2468775510787964 1.7574442625045776 1.1627464294433594 -0.001615260946033595 -0.01128530232656067 -0.006199783577485129 
0.20275914669036865 1.888375997543335 1.6122245788574219 0.011055687357617385 -0.013077719576245431 -0.00014778295487839982 
0.5207117199897766 0.3821995258331299 0.22354207932949066 0.005799955304124207 0.01134895431774123 -0.007786991837355018 
0.6209812760353088 0.032237421721220016 0.9601479172706604 -0.005719648636976567 -0.0016929174500189546 0.0069005861736941695 
0.53543621301651 0.39246803522109985 1.6916779279708862 0.0021174429561646407 -0.0013016962387038691 -0.0009924362778791032 
0.7703723907470703 0.7318827509880066 1.9400875568389893 0.0010599901224296574 0.006503092746510318 0.00521177293561174 
0.5590073466300964 0.5859745144844055 1.0104389190673828 -0.003687262842221922 -4.708191278012349e-05 -0.00364118136710208 
0.7946440577507019 0.7505743503570557 1.4488550424575806 -0.00941870801628276 0.0038950480633742584 0.0044953136170123266 
0.5879546999931335 0.9070655703544617 0.2712972164154053 -5.40925166238791e-05 -0.011217556170754152 0.004602318540261628 
0.5694502592086792 0.9773399829864502 0.7118595838546753 -0.01403720998242391 0.000102993766694221 -0.00546787590695461 
0.19228146970272064 0.8883752226829529 1.0060158967971802 -0.0019124413699824513 -0.0011484891500443308 0.0002838365515735648 
0.6056000590324402 1.0599104166030884 1.21256422996521 -0.009895871113166737 -0.0003329265238070775 0.0012355581778314686 
0.386961966753006 1.3325453996658325 0.9244519472122192 -0.004010917092827991 -0.0012016880874356503 0.00923449434481161 
0.7244559526443481 1.5856331586837769 1.1682816743850708 -0.00044934714551290875 -0.0021638936020567322 0.010175160761061407 
0.623072624206543 1.627809762954712 1.7078757286071777 -0.0060385810123449535 0.0013099369601246827 0.0011547506723657678 
0.6149671077728271 1.2764683961868286 0.012643575668334961 -0.009224426322192406 -0.00020915033270657097 -0.003738267193652188 
0.7499247193336487 1.7472271919250488 0.24762560427188873 0.011954537416936336 -0.0020803153225411428 -0.0005044838032960306 
0.3737075626850128 1.9720152616500854 0.4304625689983368 0.010884306164473629 0.0059446138120343136 -0.004642921383096916 
0.561525285243988 1.6747465133666992 0.7079950571060181 -0.002166305035879172 0.0018061368043843374 -0.013321793790290089 
0.6227719187736511 1.9729572534561157 1.4433913230895996 0.0029284787659031044 -0.005128716806181481 -0.00670480380392719 
0.6144600510597229 0.024889707565307617 1.9275516271591187 -0.009891423226863389 -0.0060815679820345634 -0.00042434103766072324 
0.9401817917823792 0.2657009959220886 0.1308208554983139 -0.0020716756254806163 -0.016230146809055466 0.0032735133660891447 
0.8146784901618958 0.11260963976383209 0.5451029539108276 -0.014909299064334929 -0.0025788846279044464 0.004739743833814571 
1.0338406562805176 0.33697718381881714 0.9029706716537476 -0.007449225172097689 0.013991254080212612 0.008141563751633682 
0.8339100480079651 0.3411649167537689 1.2875745296478271 -0.013014545801110078 -0.0024164208667665768 0.0020904340708689526 
1.013761281967163 0.4111165702342987 1.6917963027954102 0.005665448414657829 -0.009518839083821388 -0.0014520995534715061 
1.159818172454834 0.659813642501831 0.17672641575336456 0.0013991653368940473 -0.011316756366386531 -0.002926100316858928 
0.8244706392288208 0.5751890540122986 0.5281540751457214 0.006063433288927496 0.003539061027346657 0.0033243900406257974 
1.1662105321884155 0.85090172290802 1.698142409324646 -0.0028991967287844487 0.006073236734234798 -0.00908267244428378 
1.071796178817749 1.1127097606658936 0.08288820087909698 0.00142433639081819 0.006862045623927979 -0.003838445298564145 
1.0337477922439575 0.9720001220703125 0.5122905969619751 -0.007187214098149722 -0.0003465900224945125 0.008958023095051223 
0.9392166137695312 0.803551197052002 0.9593989849090576 0.005114465443572877 0.0008525798981493988 0.010365224822546992 
1.1100211143493652 1.1310749053955078 1.2731454372406006 -0.007130394035643463 0.012114757606767468 -0.0021360418062423728 
0.828510046005249 1.2034950256347656 1.6212856769561768 0.0010984109472150995 -0.01010015714688289 0.0003133188734325196 
0.7818816304206848 1.3516172170639038 0.4416487514972687 -0.0029354343914980256 -0.00739592534327604 0.009016617811057188 
0.9014431238174438 1.3026756048202515 0.885237991809845 -0.0078073143276265675 0.012051075948732474 0.0003783197699031563 
1.0662565231323242 1.562827467918396 1.4479280710220337 0.0009964208165623425 -0.0036895432270546273 -0.00622283258207905 
1.0143179893493652 1.5410817861557007 1.953365445137024 0.0028296270800858454 0.003474174699334427 -0.0022332170163437016 
1.1860737800598145 1.851012110710144 0.21786196529865265 0.003779815072853125 -0.00033546181015826974 0.010319318315706628 
1.0258753299713135 1.7695815563201904 0.7024967670440674 0.015618973902788581 -0.004263045419508955 -0.0003142337958552709 
1.02728271484375 1.9297019243240356 1.1778255701065063 -0.0028686769632746624 0.003577161363271815 -0.0003317143326936865 
1.0280705690383911 1.9558539390563965 1.7005475759506226 0.0027754408756338724 -0.005069394234435854 0.006973580243833821 
1.3418327569961548 0.2383277863264084 1.9299370050430298 -0.001270842935547957 -0.010783288651320503 0.0055430434622081295 
1.2605966329574585 0.20404307544231415 0.49672409892082214 0.016805775605329854 0.0022121939976977242 0.0072813751203169635 
1.3787932395935059 0.021998314186930656 0.9196540117263794 0.0024031591794389825 -0.00045072410493191684 0.014579025593737902 
1.3305996656417847 0.23168882727622986 1.3883596658706665 -0.0077854214910340735 0.0008201111550081004 0.0031494273468200694 
1.5355075597763062 0.499308705329895 0.3089296519756317 -0.003979414144629314 -0.005153968613263888 -0.0038785242434499724 
1.3101191520690918 0.6336132884025574 0.6916424632072449 0.00542613276836115 0.014441327468154136 -0.015116937717231979 
1.2599599361419678 0.6619470119476318 1.242221713066101 -0.0036931879201301736 -0.0009974223658604326 -0.00487959184233755 
1.5215338468551636 0.5431132316589355 1.6673851013183594 0.005203228702755861 -0.0026062188360532284 -0.006382500113742117 
1.500530481338501 1.0247938632965088 0.42484432458877563 0.001976243402829557 -0.002281603376485127 0.0061767643792855565 
1.338158369064331 1.0517029762268066 0.8908488750457764 0.0013764334499242453 0.012052185397726081 0.0011143279647721851 
1.5605932474136353 0.9501463770866394 1.4489067792892456 -0.009309698460192813 -0.002545428020504566 -0.00044597682738116906 
1.51920485496521 0.9111801385879517 1.987419843673706 0.004672474828370327 0.008210975659975561 -0.0028030361790017874 
1.212268352508545 1.4108951091766357 0.48457273840904236 0.001962782334381144 0.0008147489277880893 0.00015476129408765636 
1.3345969915390015 1.2945137023925781 1.698931336402893 -0.008019133152330502 -0.003768227195741035 9.523887505069888e-05 
1.470383644104004 1.430332899093628 0.13553357124328613 0.0003090698072521475 -0.0035701231549724417 -0.01316553029689893 
1.5229243040084839 1.7395514249801636 0.5389316082000732 0.0068113558262212805 -0.001735960968714937 -0.0040560017215519415 
1.27850341796875 1.5356842279434204 0.9851365685462952 0.0014180274373993432 -0.004752828692074017 -0.01506372064306748 
1.4623146057128906 1.8055851459503174 1.3618826866149902 -8.847235666925899e-05 0.009235477848674333 0.009832457163257029 
1.4298006296157837 1.7461988925933838 1.797034740447998 0.0014049612857502736 0.0003107041477381839 -0.004650951756619597 
1.622748851776123 0.02497999556362629 0.18118610978126526 0.009966744208492804 0.007815104290299255 -0.001995289577118935 
1.7188936471939087 0.17645540833473206 0.6597698926925659 -0.002024333800919791 -0.004661693470252027 -0.013745544678945329 
1.8472068309783936 0.0948130413889885 1.2341951131820679 0.0037039251754575953 -0.0041311302815697296 0.003144098258823441 
0.0859067440032959 0.3441314399242401 1.6261224746704102 -0.002139941220097961 -0.0032144598151634496 0.007008343756644538 
1.770656943321228 0.6886215209960938 0.6673787236213684 0.0049240104546817934 0.0024815779904278474 0.014293383298069125 
1.5584123134613037 0.4212017357349396 1.0179802179336548 -0.006464014534144886 -0.014954368058945768 0.0009573683388980738 
1.8332862854003906 0.5766189694404602 1.331339716911316 0.000318006215097263 0.013752322403423072 -0.008516634275628633 
1.8219354152679443 0.4158303141593933 1.9931074380874634 0.003614973711146172 0.008711074778202486 0.0076944904244027916 
1.8770008087158203 0.8305104374885559 0.24262814223766327 0.006277656718412641 0.006303827720335756 -0.000793680070696778 
1.723096251487732 0.9252035021781921 1.0330536365509033 -0.00029604358039918294 -0.002821687364909696 0.005900915068145338 
0.03977680206298828 1.0825700759887695 1.4187333583831787 0.00493877716502106 0.0061086089318795975 0.0004879195024299752 
1.9336062669754028 0.812187671661377 1.7448678016662598 0.00922199890484785 -0.005473408840765421 0.00045247172318976586 
1.8597240447998047 1.3659374713897705 0.2848261892795563 0.0004913387993333877 0.006721544721713653 -0.002316009347513173 
1.6380058526992798 1.3430798053741455 0.7287498116493225 -0.0024445330748753577 0.0010138195192611764 0.001557957589967037 
1.5557023286819458 1.3519339561462402 1.2848412990570068 0.0009912843814903665 0.015088161007728208 0.007284879838778476 
1.764075517654419 1.2578657865524292 1.7920137643814087 -0.002282375830922974 -0.0051671456521334615 -0.0030047805801813486 
0.17758989334106445 1.4061123132705688 1.7672646045684814 -0.010171997303466438 -0.006642434733681118 0.005689015094843276 
1.8565057516098022 1.7081029415130615 1.936171293258667 0.00811769230178839 0.0024912347369482083 -0.006903617955938708 
1.9462568759918213 1.8306286334991455 0.37922823429107666 0.0013495750315111461 5.331337434570329e-05 0.004846236399167076 
1.7390072345733643 1.749061107635498 0.972139298915863 -0.0014621981681785538 3.466293992507205e-05 -0.008988832238937882 
1.8743504285812378 1.6206978559494019 1.4614317417144775 0.003211041094432104 -0.0015126831370910066 0.00657017506993098 
1.7185550928115845 0.08245015144348145 1.6598472595214844 -0.0030436397026525246 0.010944193802501893 -0.009245799795253116 
